 Site = SRT
        Name    HHMMSS       #MJD    Freq     Elev    Amp_0    Amp_1  e_Amp_0  e_Amp_1   flux_0   flux_1 e_flux_0 e_flux_1
    PKS1222+216 034541 60712.15865  4825.0  67.2009  24.8970  21.6552   0.1994   0.1548   1.7231   1.7279   0.0204   0.0195
          3C273 034941 60712.16138  4825.0  49.7161 382.6377 333.2554   0.5479   0.4914  26.4879  26.5942   0.2319   0.2346
          3C279 035317 60712.16387  4825.0  43.6378 162.0509 141.3924   0.2938   0.2328  11.2166  11.2839   0.0990   0.0999
       1334-127 035655 60712.16642  4825.0  37.4179  29.8899  26.0351   0.1487   0.1581   2.0702   2.0781   0.0210   0.0221
       1354+195 040120 60712.16949  4825.0  69.5206  26.5120  22.9668   0.1240   0.1233   1.8370   1.8336   0.0181   0.0188
     PKS1441+25 040524 60712.17991  4825.0  72.7034   3.3424   2.9060   0.0788   0.0751   0.2315   0.2320   0.0060   0.0065
       1510-089 042053 60712.18307  4825.0  38.7651  26.1177  22.6993   0.1391   0.1349   1.8069   1.8105   0.0187   0.0195
     PG1553+113 043224 60712.19431  4825.0  54.6244   4.1247   3.5638   0.0998   0.1061   0.2861   0.2848   0.0075   0.0089
       1606+105 044033 60712.19673  4825.0  52.7490  22.8768  19.7708   0.3067   0.3017   1.5835   1.5777   0.0253   0.0277
       1830-211 101758 60712.43105  4825.0  26.0470  95.5643  83.0383   0.1912   0.1759   6.6152   6.6239   0.0586   0.0593
       1730-130 102147 60712.43370  4825.0  26.5109  57.8107  50.2807   0.1596   0.1340   4.0011   4.0099   0.0363   0.0365
       1741-038 102528 60712.43622  4825.0  35.2285  35.2044  30.6637   0.1541   0.1305   2.4422   2.4412   0.0237   0.0237
       1611+343 102953 60712.43930  4825.0  42.4534  43.1239  37.6129   0.1155   0.1021   2.9853   3.0015   0.0270   0.0273
       1633+382 104001 60712.44635  4825.0  46.1023  33.3534  28.8792   0.1184   0.1061   2.3070   2.3036   0.0218   0.0222
          3C345 104328 60712.44873  4825.0  47.4497 101.7837  88.5096   0.1796   0.1621   7.0444   7.0631   0.0621   0.0628
         Mrk501 104654 60712.45112  4825.0  48.7944  20.9388  18.2170   0.1548   0.1370   1.4478   1.4521   0.0166   0.0168
       1807+698 105114 60712.45433  4825.0  54.0519  28.3717  24.4538   0.1286   0.1136   1.9637   1.9551   0.0203   0.0202
          BLLAC 105646 60712.45798  4825.0  74.3254  66.3039  57.5371   0.1417   0.1275   4.5906   4.5912   0.0409   0.0412
    1ES1959+650 110147 60712.47076  4825.0  62.9134   4.6589   4.0134   0.0659   0.0630   0.3225   0.3202   0.0053   0.0057
       2223-052 131831 60713.55746  4825.0  44.5914  64.4725  56.0645   0.1663   0.1348   4.5107   3.9443   0.0500   0.0441
       2230+114 132355 60713.56015  4825.0  60.9798  59.5687  51.7009   0.1246   0.0948   4.1698   3.6401   0.0455   0.0401
        3C454.3 132727 60713.56266  4825.0  66.2866 187.7521 163.2963   0.2921   0.2414  13.1427  11.4978   0.1423   0.1259
          3C380 133301 60713.56654  4825.0  38.7912  69.4301  60.2912   0.1611   0.1371   4.8645   4.2471   0.0536   0.0473
          3C66A 133852 60713.57058  4825.0  57.1662 -99.0000 -99.0000 -99.0000 -99.0000 -99.0000 -99.0000 -99.0000 -99.0000
           3C84 134239 60713.57320  4825.0  47.2223 645.1528 559.7488   0.9259   0.8052  45.1598  39.4108   0.4882   0.4315
       2344+092 135101 60713.58002  4825.0  60.1353  19.0387  16.6129   0.1260   0.1110   1.3327   1.1699   0.0172   0.0152
       0235+164 135715 60713.58764  4825.0  47.3439  24.3955  21.1753   0.0711   0.0540   1.7079   1.4910   0.0190   0.0166
        NRAO150 140757 60713.59078  4825.0  46.8512 119.8980 104.2705   0.1889   0.1636   8.3924   7.3417   0.0909   0.0805
       0336-019 141236 60713.59506  4825.0  25.6703  19.5720  17.0257   0.1089   0.0895   1.3705   1.1987   0.0166   0.0146
       0420-014 141748 60713.59759  4825.0  18.7914  82.3469  71.4741   0.2022   0.1702   5.7751   5.0383   0.0640   0.0564
       0440-003 142118 60713.60110  4825.0  16.8358  23.3419  20.1474   0.0977   0.0927   1.6344   1.4189   0.0188   0.0167
    TXS0506+056 142624 60713.60572  4825.0  16.9051  16.9289  14.6765   0.0723   0.0685   1.1851   1.0333   0.0137   0.0122
    1ES2344+514 193307 60713.82541  4825.0  31.7099   3.4820   3.8350   0.0601   0.0731   0.2436   0.2698   0.0050   0.0060
       0528+134 195146 60713.83055  4825.0  63.9256  17.0088  18.8427   0.1460   0.1772   1.1918   1.3261   0.0170   0.0193
       0716+714 200003 60713.83546  4825.0  55.9268  18.5677  20.2560   0.2058   0.2202   1.3000   1.4263   0.0200   0.0219
       0736+017 200617 60713.84067  4825.0  45.5644   9.8268  10.8003   0.0927   0.1139   0.6877   0.7601   0.0098   0.0115
       0735+178 201138 60713.84548  4825.0  60.1667  20.3497  22.2363   0.1254   0.1354   1.4243   1.5652   0.0176   0.0195
       0827+243 201837 60713.84816  4825.0  56.2854  14.4318  15.9348   0.1865   0.1857   1.0101   1.1220   0.0170   0.0179
       0829+046 203209 60713.85755  4825.0  44.2729  11.2580  12.4167   0.2823   0.2574   0.7882   0.8745   0.0215   0.0206
          3c207 203543 60713.86004  4825.0  50.2289  30.5051  33.4233   0.3001   0.3128   2.1352   2.3529   0.0312   0.0339
       0836+710 204108 60713.86398  4825.0  54.2976  41.4695  45.3653   0.1178   0.1424   2.9027   3.1933   0.0322   0.0361
          OJ287 204643 60713.86767  4825.0  54.5309  51.6896  56.4661   0.1314   0.1403   3.6181   3.9751   0.0398   0.0443
       0954+658 205142 60713.87354  4825.0  52.0480  21.2791  23.4576   0.1759   0.1804   1.4901   1.6518   0.0203   0.0220
         MRK421 205922 60713.87757  4825.0  41.5403   7.5642   8.2920   0.0876   0.0812   0.5294   0.5840   0.0084   0.0086
       1156+295 210451 60713.88027  4825.0  28.0214  52.7641  57.7023   0.1530   0.1643   3.6942   4.0617   0.0411   0.0457
       1219+285 210824 60713.89034  4825.0  26.1043   7.4452   8.1583   0.0650   0.0696   0.5212   0.5745   0.0072   0.0079

       1830-211 082741 60735.35446  4825.0  27.3925  57.5329  64.1904   0.1326   0.1683   4.7440   5.2287   0.0390   0.0431
       1730-130 083137 60735.35719  4825.0  28.9677  34.6924  38.5369   0.1046   0.1043   2.8598   3.1388   0.0241   0.0260
       1741-038 083517 60735.35971  4825.0  37.8800  19.9370  22.1194   0.0869   0.0779   1.6441   1.8017   0.0147   0.0154
       1611+343 083945 60735.36283  4825.0  46.1805  25.7086  28.7159   0.0945   0.0953   2.1198   2.3391   0.0184   0.0202
       1633+382 084813 60735.36871  4825.0  50.0748  20.1179  22.4571   0.0691   0.0744   1.6594   1.8309   0.0142   0.0155
          3C345 085140 60735.37113  4825.0  51.3725  62.4883  69.8117   0.1220   0.1360   5.1525   5.6855   0.0416   0.0458
         Mrk501 085509 60735.37356  4825.0  52.7204  12.7418  14.2018   0.1111   0.1267   1.0481   1.1533   0.0130   0.0145
       1807+698 085938 60735.37682  4825.0  55.4371  17.3772  19.3243   0.1031   0.1153   1.4335   1.5753   0.0141   0.0156
          BLLAC 090507 60735.38045  4825.0  70.3988  44.2387  49.3355   0.0962   0.1242   3.6482   4.0193   0.0296   0.0330
    1ES1959+650 091003 60735.39201  4825.0  63.7660   2.6072   2.8922   0.0420   0.0542   0.2151   0.2356   0.0039   0.0048
       2223-052 120239 60735.50478  4825.0  43.9926  64.0655  55.5325   0.2099   0.1680   5.2960   4.5348   0.0454   0.0384
       2230+114 120803 60735.50746  4825.0  60.1744  57.9754  50.2004   0.1990   0.1596   4.7760   4.0886   0.0411   0.0345
        3C454.3 121133 60735.50995  4825.0  65.7046 190.0713 164.9903   0.3570   0.2891  15.6760  13.4424   0.1262   0.1076
          3C380 121701 60735.51376  4825.0  37.1573  68.4601  59.3897   0.1297   0.1124   5.6452   4.8372   0.0455   0.0389
          3C66A 122252 60735.51779  4825.0  59.0669 -99.0000 -99.0000 -99.0000 -99.0000 -99.0000 -99.0000 -99.0000 -99.0000
           3C84 122639 60735.52041  4825.0  49.1085 638.9806 553.2980   0.9155   0.7862  52.6930  45.0717   0.4194   0.3576
       2344+092 123455 60735.52718  4825.0  60.1365  18.7845  16.3204   0.1304   0.1029   1.5489   1.3289   0.0162   0.0134
       0235+164 124112 60735.53484  4825.0  49.2293  23.9977  20.7677   0.0877   0.0815   1.9789   1.6918   0.0171   0.0148
        NRAO150 125157 60735.53800  4825.0  48.4918 112.4934  97.5579   0.1764   0.1488   9.2765   7.9468   0.0741   0.0632
       0336-019 125638 60735.54230  4825.0  27.4858  21.1786  18.4220   0.0951   0.0727   1.7462   1.5009   0.0158   0.0131
       0420-014 130150 60735.54483  4825.0  20.7168  81.1895  70.3778   0.2475   0.2159   6.6940   5.7303   0.0562   0.0481
       0440-003 130519 60735.54834  4825.0  18.7990  23.7535  20.6435   0.1584   0.1183   1.9576   1.6801   0.0204   0.0165
    TXS0506+056 131026 60735.55297  4825.0  18.9261  17.0548  14.7655   0.1027   0.0879   1.4044   1.2026   0.0140   0.0118
    1ES2344+514 175345 60735.75639  4825.0  33.5289   3.0728   3.3956   0.0400   0.0573   0.2533   0.2763   0.0038   0.0052
       0528+134 181417 60735.76285  4825.0  64.0573  18.0517  19.8437   0.0784   0.1008   1.4887   1.6165   0.0133   0.0151
       0716+714 182225 60735.76766  4825.0  55.3984  15.9705  17.7418   0.1186   0.1175   1.3169   1.4451   0.0142   0.0148
       0736+017 182834 60735.77281  4825.0  44.1828   9.3546  10.2235   0.0794   0.0778   0.7713   0.8321   0.0089   0.0091
       0735+178 183355 60735.77761  4825.0  58.4621  19.5110  21.3375   0.0892   0.0944   1.6090   1.7383   0.0146   0.0156
       0827+243 184051 60735.78027  4825.0  54.1801  14.0896  15.5383   0.0933   0.0973   1.1634   1.2670   0.0119   0.0127
       0829+046 185420 60735.78963  4825.0  42.5977  10.9558  12.0350   0.1044   0.1014   0.9046   0.9814   0.0115   0.0116
          3c207 185754 60735.79211  4825.0  48.3428  29.8203  32.8949   0.2548   0.1929   2.4563   2.6773   0.0312   0.0282
       0836+710 190314 60735.79600  4825.0  53.5897  40.6543  44.6435   0.1281   0.1525   3.3531   3.6358   0.0284   0.0312
          OJ287 190844 60735.79963  4825.0  52.4665  47.8932  52.5678   0.1321   0.1455   3.9479   4.2772   0.0328   0.0356
       0954+658 191339 60735.80545  4825.0  50.8957  21.7593  23.9547   0.0897   0.0874   1.7940   1.9513   0.0159   0.0168
         MRK421 192117 60735.80945  4825.0  39.4346   7.7347   8.4914   0.0727   0.0769   0.6380   0.6917   0.0078   0.0083
       1156+295 192645 60735.81215  4825.0  25.8733  56.3384  61.6513   0.1468   0.1637   4.6447   5.0218   0.0384   0.0414
       1219+285 193019 60735.82222  4825.0  23.9558   7.1837   7.8711   0.0526   0.0550   0.5924   0.6409   0.0064   0.0068
    PKS1222+216 020244 60736.08715  4825.0  68.2543  24.3647  21.1401   0.1099   0.0951   1.7369   1.7335   0.0270   0.0266
          3C273 020644 60736.08989  4825.0  50.3787 378.0674 329.6054   0.5209   0.4622  26.9561  27.0599   0.4027   0.3980
          3C279 021020 60736.09241  4825.0  43.9939 -99.0000 -99.0000 -99.0000 -99.0000 -99.0000 -99.0000 -99.0000 -99.0000
       1334-127 021400 60736.09495  4825.0  37.4002  28.7669  25.1393   0.1033   0.0797   2.0504   2.0636   0.0314   0.0309
       1354+195 021824 60736.09799  4825.0  69.1936  26.2293  22.7269   0.1069   0.0846   1.8705   1.8661   0.0289   0.0282
     PKS1441+25 022226 60736.10839  4825.0  71.6611   3.2786   2.8613   0.0460   0.0477   0.2335   0.2348   0.0048   0.0052
       1510-089 023753 60736.11155  4825.0  38.1043  25.9594  22.5088   0.1899   0.1160   1.8508   1.8480   0.0307   0.0292
     PG1553+113 024925 60736.12279  4825.0  53.4478   4.1921   3.6003   0.0551   0.0534   0.2961   0.2946   0.0060   0.0062
       1606+105 025734 60736.12520  4825.0  51.5198  23.0959  20.0675   0.0899   0.0841   1.6468   1.6458   0.0253   0.0251
    PKS1222+216 030303 60736.12905  4825.0  59.2965  24.6486  21.5098   0.1252   0.1096   1.7538   1.7598   0.0280   0.0274
          3C273 030658 60736.13171  4825.0  44.1535 377.6648 329.3989   0.6567   0.5866  26.9287  27.0439   0.4033   0.3989
          3C279 031035 60736.13422  4825.0  39.8538 157.2766 137.3917   0.2726   0.2352  11.2176  11.2839   0.1680   0.1664
       1334-127 031414 60736.13678  4825.0  35.9264  29.1415  25.4142   0.1206   0.0995   2.0756   2.0865   0.0321   0.0316
       1354+195 031839 60736.13988  4825.0  67.9968  26.2032  22.5993   0.1078   0.0901   1.8683   1.8543   0.0288   0.0282
     PKS1441+25 032241 60736.15026  4825.0  75.3401   3.3430   2.8807   0.0569   0.0485   0.2384   0.2368   0.0054   0.0054
    PKS1222+216 023712 60712.11081 24600.0  71.7241   3.8458   4.2487   0.0674   0.0523   0.8644   0.8728   0.0170   0.0133
          3C273 024231 60712.11451 24600.0  52.4122  59.6477  63.5633   0.1098   0.1063  13.4100  13.0576   0.1236   0.1178
          3C279 024729 60712.11796 24600.0  44.2162  60.5047  66.3517   0.1383   0.1212  13.6020  13.6476   0.1266   0.1237
       1354+195 025256 60712.12174 24600.0  63.3397   7.0254   7.6746   0.0746   0.0502   1.5796   1.5750   0.0221   0.0176
     PKS1441+25 025623 60712.13635 24600.0  63.4275   0.6513   0.7336   0.0365   0.0176   0.1464   0.1507   0.0083   0.0039
       1334-127 031941 60712.14032 24600.0  36.8238  12.6976  13.8887   0.0850   0.0776   2.8592   2.8520   0.0323   0.0299
       1611+343 032604 60712.14476 24600.0  53.3095   6.1192   6.7610   0.1120   0.0549   1.3755   1.3890   0.0281   0.0167
       1730-130 092217 60712.39212 24600.0  33.0324  14.7164  16.2244   0.0893   0.0854   3.3081   3.3327   0.0360   0.0344
       1741-038 092718 60712.39561 24600.0  42.1401  15.8308  17.1588   0.1134   0.0710   3.5584   3.5248   0.0415   0.0345
       1830-211 093226 60712.39917 24600.0  28.6168  24.7273  26.9437   0.1119   0.0969   5.5633   5.5522   0.0565   0.0542
       1633+382 093852 60712.40364 24600.0  57.3551  10.0885  10.8537   0.1073   0.0705   2.2687   2.2296   0.0317   0.0245
          3C345 094339 60712.40696 24600.0  58.3249  39.5907  44.1168   0.1065   0.1016   8.9093   9.0590   0.0842   0.0830
         Mrk501 094641 60712.40907 24600.0  59.7845   4.8693   5.3831   0.0828   0.0515   1.0947   1.1061   0.0211   0.0145
       1807+698 095236 60712.41324 24600.0  57.3522   7.4348   7.9481   0.0821   0.0747   1.6706   1.6336   0.0245   0.0219
    FLAGGED 1ES1959+650 120017 60713.51415 24600.0  58.3948 -99.0000 -99.0000 -99.0000 -99.0000 -99.0000 -99.0000 -99.0000 -99.0000
          3C380 123625 60713.52695 24600.0  47.6219 -99.0000 -99.0000 -99.0000 -99.0000 -99.0000 -99.0000 -99.0000 -99.0000
       2223-052 124330 60713.53186 24600.0  45.6543   5.6765   6.0000   0.0932   0.0775   1.7506   1.7425   0.0330   0.0268
       2230+114 124843 60713.53548 24600.0  62.3369 -99.0000 -99.0000 -99.0000 -99.0000 -99.0000 -99.0000 -99.0000 -99.0000
        3C454.3 125338 60713.53890 24600.0  66.6682 -99.0000 -99.0000 -99.0000 -99.0000 -99.0000 -99.0000 -99.0000 -99.0000
          FLAGGED BLLAC 130041 60713.54473 24600.0  80.3138 -99.0000 -99.0000 -99.0000 -99.0000 -99.0000 -99.0000 -99.0000 -99.0000
        NRAO150 150349 60713.62931 24600.0  55.8509  39.5925  42.5052   0.1017   0.0829  12.2118  12.3410   0.1142   0.1057
       0235+164 150957 60713.63357 24600.0  58.6720   5.9435   6.3847   0.0705   0.0479   1.8323   1.8538   0.0273   0.0208
       0336-019 151526 60713.63737 24600.0  35.7565   6.3389   6.8273   0.0696   0.0605   1.9549   1.9827   0.0277   0.0241
       2344+092 152149 60713.64180 24600.0  54.6475   3.2325   3.5549   0.0696   0.0525   0.9971   1.0328   0.0234   0.0176
       0420-014 154219 60713.65603 24600.0  33.5128  25.6188  27.2683   0.1279   0.1026   7.8846   7.8984   0.0821   0.0727
       0440-003 154706 60713.65935 24600.0  31.9559   4.1181   4.3749   0.0891   0.0593   1.2689   1.2707   0.0299   0.0202
    TXS0506+056 155017 60713.66250 24600.0  32.4296   3.4474   3.6824   0.0611   0.0440   1.0625   1.0695   0.0211   0.0156
       0528+134 155632 60713.66778 24600.0  35.0405   5.3616   5.6940   0.0508   0.0401   1.6535   1.6535   0.0216   0.0180
    1ES2344+514 160658 60713.68541 24600.0  61.8249   0.5184   0.5530   0.0189   0.0194   0.1597   0.1605   0.0060   0.0058
         MRK421 215719 60713.91834 24600.0  52.6872 -99.0000 -99.0000 -99.0000 -99.0000 -99.0000 -99.0000 -99.0000 -99.0000
           3C84 220729 60713.92351 24600.0  38.6065  87.8773  94.9733   0.3024   0.2553  27.0416  27.4392   0.2608   0.2427
       0716+714 221319 60713.92763 24600.0  57.7828 -99.0000 -99.0000 -99.0000 -99.0000 -99.0000 -99.0000 -99.0000 -99.0000
       0736+017 222116 60713.93308 24600.0  51.3325   2.2874   2.6123   0.3726   0.2228   0.7054   0.7585   0.1151   0.0651
       0735+178 222628 60713.93763 24600.0  66.4528   1.8484   2.1648   0.3206   0.3851   0.5699 -99.0000   0.0990 -99.0000
       0827+243 223311 60713.94136 24600.0  74.5344 -99.0000 -99.0000 -99.0000 -99.0000 -99.0000 -99.0000 -99.0000 -99.0000
       0829+046 223649 60713.94482 24600.0  54.9085   3.0683   3.6683   0.4415   0.3294   0.9458   1.0644   0.1365   0.0962
          3c207 224125 60713.94708 24600.0  63.5558   4.3841   4.8618   0.1831   0.1789   1.3514   1.4108   0.0579   0.0533
       0836+710 224932 60713.95277 24600.0  58.6863   4.4156   4.5542   0.2352   0.2189   1.3617   1.3228   0.0736   0.0645
          OJ287 225741 60713.95837 24600.0  70.4715  10.2062  11.1627   0.2504   0.1874   3.1439   3.2361   0.0837   0.0635
       1730-130 072930 60735.31381 24600.0  34.8243   6.1330   6.6445   0.0674   0.0677   2.1368   2.1119   0.0271   0.0253
       1741-038 073431 60735.31729 24600.0  44.0885   7.1819   7.8130   0.1234   0.1354   2.4911   2.4673   0.0457   0.0456
       1830-211 073941 60735.32088 24600.0  29.2689   9.8132  10.7327   0.1797   0.1858   3.3904   3.3799   0.0675   0.0644
       1633+382 074611 60735.32538 24600.0  61.5951   4.1738   4.5671   0.1800   0.2006   1.4490   1.4435   0.0632   0.0643
          3C345 075058 60735.32871 24600.0  62.5172  15.5821  17.3094   0.1489   0.1541   5.4105   5.4729   0.0617   0.0590
         Mrk501 075400 60735.33082 24600.0  63.9876   3.8976   4.2916   0.2671   0.2771   1.3535   1.3569   0.0931   0.0880
       1807+698 080000 60735.33504 24600.0  58.3130   4.1413   4.1701   0.4255   0.3432   1.4383   1.3186   0.1482   0.1090
    1ES1959+650 104144 60735.45961 24600.0  57.7295   0.6791   0.7483   0.0216   0.0169   0.2357   0.2365   0.0076   0.0055
          3C380 111752 60735.47240 24600.0  46.3323   4.9065   5.3427   0.0744   0.0511   1.7040   1.6885   0.0279   0.0192
       2223-052 112454 60735.47728 24600.0  45.5466  11.6244  12.5248   0.0673   0.0593   4.0341   3.9534   0.0342   0.0304
       2230+114 113009 60735.48091 24600.0  62.2020  15.9233  17.3732   0.0607   0.0493   5.5288   5.4899   0.0403   0.0367
          BLLAC 114158 60735.49006 24600.0  78.9077  19.2051  21.4320   0.0884   0.0811   6.6770   6.7867   0.0526   0.0499
        NRAO150 134829 60735.57699 24600.0  57.6098  36.2018  39.6477   0.1210   0.1441  12.5136  12.4871   0.0949   0.0913
       0235+164 135442 60735.58130 24600.0  60.2956   6.1899   6.8181   0.0868   0.0634   2.1408   2.1334   0.0331   0.0242
       0336-019 140009 60735.58508 24600.0  37.3853   5.7713   6.4186   0.1680   0.1465   2.0025   2.0281   0.0598   0.0480
       2344+092 140632 60735.58952 24600.0  53.2456   2.9565   3.3345   0.1136   0.0897   1.0267   1.0543   0.0399   0.0291
       0420-014 142702 60735.60376 24600.0  35.2518  23.3649  25.2762   0.1223   0.0992   8.1157   7.9993   0.0658   0.0580
       0440-003 143150 60735.60709 24600.0  33.7880   3.8181   4.2258   0.0911   0.0675   1.3261   1.3358   0.0327   0.0229
    TXS0506+056 143501 60735.61024 24600.0  34.4354   3.0928   3.3270   0.0880   0.0531   1.0741   1.0518   0.0313   0.0180
       0528+134 144117 60735.61553 24600.0  37.1614   5.2996   5.7356   0.0501   0.0403   1.8423   1.8160   0.0211   0.0169
    1ES2344+514 145148 60735.63320 24600.0  60.0986   0.4603   0.5382   0.0247   0.0239   0.1599   0.1701   0.0086   0.0076
         MRK421 202046 60735.85128 24600.0  50.7971 -99.0000 -99.0000 -99.0000 -99.0000 -99.0000 -99.0000 -99.0000 -99.0000
           3C84 203055 60735.85645 24600.0  40.3563 138.3697 152.8755   0.3325   0.3539  48.0067  48.2835   0.3191   0.3130
       0716+714 203648 60735.86060 24600.0  57.9591   4.0995   4.4881   0.0772   0.0628   1.4246   1.4213   0.0284   0.0222
       0736+017 204452 60735.86614 24600.0  51.7052   6.0949   6.7257   0.0712   0.0458   2.1159   2.1252   0.0283   0.0203
       0735+178 205004 60735.87070 24600.0  67.1688   4.1726   4.6191   0.0632   0.0390   1.4496   1.4613   0.0241   0.0153
       0827+243 205656 60735.87452 24600.0  74.2065   2.0477   2.3070   0.0957   0.0756   0.7113   0.7296   0.0336   0.0244
       0829+046 210034 60735.87798 24600.0  54.8008   3.4694   3.8780   0.0573   0.0407   1.2049   1.2260   0.0213   0.0149
          3c207 210509 60735.88023 24600.0  63.3165   6.7330   7.4243   0.0660   0.0455   2.3333   2.3473   0.0277   0.0202
       0836+710 211308 60735.88583 24600.0  58.6447   5.6895   6.2673   0.0636   0.0487   1.9757   1.9816   0.0252   0.0195
          OJ287 212107 60735.89132 24600.0  70.2042  20.8355  22.9665   0.0779   0.0631   7.2362   7.2614   0.0525   0.0481
       0954+658 214242 60735.90631 24600.0  62.6740   9.2731  10.3011   0.0530   0.0504   3.2210   3.2569   0.0271   0.0253
       1156+295 215554 60735.91547 24600.0  54.5129  14.0609  15.4074   0.0723   0.0604   4.8843   4.8717   0.0396   0.0350
       1219+285 215902 60735.91953 24600.0  50.9245   1.2320   1.3462   0.0530   0.0355   0.4278   0.4256   0.0186   0.0115
    PKS1222+216 005149 60736.03763 24600.0  71.4645   2.6940   2.9668   0.0626   0.0450   0.8388   0.7990   0.0237   0.0172
          3C273 005708 60736.04133 24600.0  52.2844  43.7749  47.5223   0.0913   0.0932  13.6209  12.7926   0.2185   0.1965
          3C279 010207 60736.04479 24600.0  43.8261  42.9460  47.8126   0.1139   0.1143  13.3654  12.8760   0.2155   0.1985
       1354+195 010736 60736.04859 24600.0  61.7479   5.0425   5.5376   0.0653   0.0598   1.5700   1.4910   0.0328   0.0278
     PKS1441+25 011101 60736.06318 24600.0  61.4751   0.5824   0.6498   0.0346   0.0246   0.1812   0.1748   0.0112   0.0072
       1334-127 013420 60736.06716 24600.0  36.3771   8.9233   9.9024   0.0994   0.0688   2.7781   2.6639   0.0541   0.0446
       1611+343 014040 60736.07156 24600.0  51.1866   4.2629   4.7308   0.1002   0.0545   1.3268   1.2740   0.0377   0.0243
    1ES2344+514 142350 60780.61063  4825.0  38.3098   3.3469   3.5797   0.0402   0.0577   0.2548   0.2512   0.0049   0.0056
       0528+134 144254 60780.61611  4825.0  63.0229  15.1558  16.5076   0.0685   0.0716   1.1545   1.1606   0.0180   0.0182
       0716+714 145040 60780.62061  4825.0  53.4786  16.6810  18.1852   0.1026   0.1073   1.2709   1.2785   0.0204   0.0207
       0736+017 145633 60780.62558  4825.0  39.2829   9.5872  10.2417   0.0773   0.0774   0.7310   0.7209   0.0125   0.0123
       0735+178 150151 60780.63035  4825.0  52.6306  18.5842  20.1475   0.0734   0.0764   1.4162   1.4162   0.0218   0.0220
       0827+243 150843 60780.63296  4825.0  47.4844  12.2954  13.4082   0.0883   0.0962   0.9393   0.9428   0.0157   0.0158
       0829+046 152152 60780.64209  4825.0  36.9027  10.0640  10.9526   0.0881   0.1040   0.7689   0.7691   0.0133   0.0137
          3c207 152526 60780.64456  4825.0  42.0956  28.0832  30.4533   0.0947   0.1105   2.1397   2.1409   0.0326   0.0332
       0836+710 153033 60780.64830  4825.0  51.1573  37.7719  41.1138   0.1217   0.1315   2.8784   2.8898   0.0437   0.0446
          OJ287 153550 60780.65178  4825.0  45.7874  47.2081  51.0060   0.1135   0.1268   3.5946   3.5842   0.0541   0.0548
       0954+658 154034 60780.65748  4825.0  47.2042  19.6689  21.2959   0.0746   0.0772   1.4979   1.4991   0.0230   0.0233
         MRK421 154806 60780.66141  4825.0  32.9743   6.8308   7.3670   0.0771   0.0871   0.5202   0.5178   0.0099   0.0099
       1156+295 155335 60780.66411  4825.0  19.2816  52.5496  56.9758   0.1404   0.1410   4.0038   4.0043   0.0604   0.0612
       1219+285 155708 60780.67418  4825.0  17.3686   6.8968   7.4938   0.0532   0.0617   0.5256   0.5266   0.0088   0.0091
         MRK421 164208 60780.69946 24600.0  43.0768   1.2399   1.3415   0.0862   0.0414   0.3449   0.3511   0.0243   0.0115
           3C84 165217 60780.70462 24600.0  47.7463 155.8742 168.3771   0.2920   0.2975  43.3380  44.0865   0.4883   0.4815
       0716+714 165821 60780.70891 24600.0  58.1597   5.1441   5.6934   0.0709   0.0564   1.4305   1.4910   0.0254   0.0218
       0736+017 170653 60780.71476 24600.0  51.8382  10.4346  11.3343   0.0584   0.0484   2.9014   2.9671   0.0361   0.0344
       0735+178 171206 60780.71933 24600.0  68.0336   4.6833   5.0547   0.0537   0.0399   1.3018   1.3238   0.0208   0.0177
       0827+243 171855 60780.72312 24600.0  70.3496   2.4178   2.6850   0.0720   0.0447   0.6723   0.7040   0.0215   0.0140
       0829+046 172229 60780.72654 24600.0  52.8677   3.5719   3.9236   0.0639   0.0392   0.9934   1.0279   0.0209   0.0151
          3c207 172703 60780.72877 24600.0  60.5349   5.7302   6.0547   0.0746   0.0471   1.5225   1.5166   0.0270   0.0208
       0836+710 173430 60780.73400 24600.0  57.9110   5.8134   6.3650   0.0679   0.0537   1.6180   1.6643   0.0263   0.0230
          OJ287 174152 60780.73906 24600.0  66.7857  21.6816  23.4352   0.0751   0.0847   6.0287   6.1441   0.0702   0.0703
       0954+658 180350 60780.75433 24600.0  60.2478   6.5961   7.0549   0.0785   0.0476   1.8343   1.8479   0.0299   0.0235
       1156+295 180948 60780.75846 24600.0  45.0081  14.3786  15.3549   0.0814   0.0614   3.9950   4.0205   0.0501   0.0464
       1219+285 181257 60780.76252 24600.0  41.4219   1.4125   1.4676   0.0627   0.0406   0.3926   0.3843   0.0180   0.0114
       0954+658 182015 60780.76573 24600.0  61.3211   6.8012   7.2532   0.1008   0.0537   1.8906   1.9102   0.0350   0.0255
       2223-052 090828 60782.38381  4825.0  43.2764  36.9389  40.7141   0.3004   0.3395   4.4462   4.4420   0.0770   0.0759
       2230+114 091351 60782.38649  4825.0  59.2134 -99.0000 -99.0000 -99.0000 -99.0000 -99.0000 -99.0000 -99.0000 -99.0000
        3C454.3 091722 60782.38898  4825.0  64.9222  92.4749 102.2590   0.4816   0.5268  11.0007  11.0293   0.1842   0.1798
          3C380 092244 60782.39273  4825.0  35.5380  35.6515  39.3370   0.1559   0.1670   4.2930   4.2912   0.0683   0.0665
          3C66A 092835 60782.39676  4825.0  60.9766 -99.0000 -99.0000 -99.0000 -99.0000 -99.0000 -99.0000 -99.0000 -99.0000
           3C84 093222 60782.39938  4825.0  51.0120 351.5697 387.3156   0.5119   0.5437  42.3303  42.2579   0.6493   0.6327
       2344+092 094033 60782.40609  4825.0  59.9564  11.0016  12.0590   0.1437   0.1416   1.3274   1.3188   0.0272   0.0256
       0235+164 094653 60782.41378  4825.0  51.0811  16.6876  18.4929   0.1651   0.1503   2.0103   2.0179   0.0366   0.0343
        NRAO150 095741 60782.41698  4825.0  50.1412  71.4409  78.9675   0.2424   0.2452   8.5962   8.6132   0.1350   0.1315
       0336-019 100224 60782.42130  4825.0  29.2686  11.5426  12.7863   0.0720   0.0700   1.3892   1.3934   0.0229   0.0222
       0420-014 100735 60782.42383  4825.0  22.6239  49.0036  54.1034   0.1398   0.1613   5.9002   5.9025   0.0917   0.0897
       0440-003 101104 60782.42733  4825.0  20.7467  15.5286  17.1844   0.0761   0.0955   1.8755   1.8768   0.0303   0.0299
    TXS0506+056 101611 60782.43197  4825.0  20.9442   9.3994  10.4077   0.0488   0.0560   1.1319   1.1359   0.0183   0.0180
    1ES1959+650 070301 60782.30772 24600.0  60.3914   0.4982  -0.0932   0.0918   0.1172   0.1274   0.1274   0.0236   0.0236
          3C380 073910 60782.32052 24600.0  51.8710 -99.0000 -99.0000 -99.0000 -99.0000 -99.0000 -99.0000 -99.0000 -99.0000
       2223-052 074622 60782.32552 24600.0  45.4716 -99.0000 -99.0000 -99.0000 -99.0000 -99.0000 -99.0000 -99.0000 -99.0000
       2230+114 075134 60782.32913 24600.0  61.9995 -99.0000 -99.0000 -99.0000 -99.0000 -99.0000 -99.0000 -99.0000 -99.0000
        3C454.3 075629 60782.33254 24600.0  65.4398   7.0776   7.5553   0.6429   0.6585   1.8100   1.8085   0.1663   0.1594
          FLAGGED BLLAC 080411 60782.33883 24600.0  84.6718 -99.0000 -99.0000 -99.0000 -99.0000 -99.0000 -99.0000 -99.0000 -99.0000
        NRAO150 112501 60782.47736 24600.0  64.0597  23.5541  24.8740   0.1625   0.1478   6.0514   5.9932   0.0982   0.0915
       FLAGGED 0235+164 113137 60782.48194 24600.0  65.1373 -99.0000 -99.0000 -99.0000 -99.0000 -99.0000 -99.0000 -99.0000 -99.0000
       0336-019 113703 60782.48572 24600.0  42.7340   6.4079   6.8559   0.1280   0.0979   1.6428   1.6453   0.0408   0.0321
       2344+092 114328 60782.49017 24600.0  47.1667 -99.0000 -99.0000 -99.0000 -99.0000 -99.0000 -99.0000 -99.0000 -99.0000
       0420-014 120359 60782.50442 24600.0  41.0962  27.6276  28.6724   0.1458   0.1250   6.9544   6.8946   0.1031   0.0956
       0440-003 120848 60782.50776 24600.0  40.0525   6.4862   6.8328   0.1431   0.0962   1.6574   1.6354   0.0443   0.0332
    TXS0506+056 121200 60782.51093 24600.0  41.5077   4.0016   4.3835   0.1311   0.1369   1.0227   1.0503   0.0363   0.0356
       0528+134 121815 60782.51597 24600.0  44.8503 -99.0000 -99.0000 -99.0000 -99.0000 -99.0000 -99.0000 -99.0000 -99.0000
    PKS1222+216 221514 60787.92917  4825.0  70.4914  23.0554  24.9301   0.1069   0.1133   1.6621   1.6604   0.0257   0.0258
          3C273 221917 60787.93194  4825.0  51.7157 369.0875 402.0456   0.5359   0.5651  26.6110  26.7766   0.3934   0.3998
          3C279 222253 60787.93445  4825.0  44.5349 145.1083 158.3059   0.2652   0.2536  10.4591  10.5425   0.1552   0.1576
       1334-127 222632 60787.93699  4825.0  36.9777  26.2338  28.5367   0.1049   0.1051   1.8915   1.9006   0.0289   0.0291
       1354+195 223053 60787.94002  4825.0  67.5716  25.8222  27.9074   0.1089   0.1059   1.8624   1.8575   0.0286   0.0285
     PKS1441+25 223452 60787.95037  4825.0  68.3647   3.5905   3.9391   0.0695   0.0781   0.2593   0.2625   0.0063   0.0065
       1510-089 225018 60787.95349  4825.0  36.0058  25.2279  27.3310   0.1309   0.1186   1.8204   1.8197   0.0284   0.0282
     PG1553+113 230135 60787.96457  4825.0  49.9848   3.8991   4.1802   0.0684   0.0728   0.2794   0.2772   0.0065   0.0064
       1606+105 230944 60787.96699  4825.0  47.9459  22.0622  23.9405   0.1023   0.1054   1.5906   1.5945   0.0245   0.0247
    PKS1222+216 210753 60787.88215 24600.0  70.3123   2.7128   2.9225   0.0595   0.0470   0.8153   0.8376   0.0202   0.0166
          3C273 211315 60787.88587 24600.0  51.6587  45.1326  47.8766   0.0962   0.0860  13.5518  13.7046   0.1556   0.1543
          3C279 211817 60787.88937 24600.0  42.8130  44.3438  47.2270   0.1273   0.1089  13.3314  13.5225   0.1551   0.1536
       1354+195 212349 60787.89320 24600.0  58.7181   5.1361   5.5683   0.0670   0.0536   1.5452   1.5935   0.0270   0.0237
     PKS1441+25 212713 60787.90793 24600.0  57.9847   0.9890   1.0563   0.0285   0.0167   0.2971   0.3019   0.0092   0.0059
       1334-127 215047 60787.91194 24600.0  35.3282  11.5510  12.4351   0.0905   0.0659   3.4710   3.5586   0.0477   0.0438
       1611+343 215708 60787.91634 24600.0  47.5414   4.0762   4.3948   0.0847   0.0625   1.2249   1.2549   0.0290   0.0232
     PG1553+113 235351 60788.00302 24600.0  57.5746   0.8732   0.9198   0.0526   0.0390   0.2625   0.2632   0.0161   0.0115
       1510-089 000712 60788.00666 24600.0  41.0248   5.9734   6.4856   0.0843   0.0592   1.7999   1.8576   0.0331   0.0268
       1606+105 001227 60788.01030 24600.0  56.6739   4.3292   4.7127   0.0577   0.0502   1.3001   1.3492   0.0234   0.0209
       1830-211 040723 60788.17369  4825.0  29.3460  99.0220 107.4936   0.1863   0.1991   6.9745   6.9700   0.0754   0.0763
       1730-130 042822 60788.18826  4825.0  32.6650  58.6041  63.5567   0.1301   0.1476   4.1293   4.1223   0.0449   0.0455
       1741-038 043202 60788.19079  4825.0  41.8751  35.5541  38.3485   0.1247   0.1256   2.5034   2.4874   0.0283   0.0282
       1611+343 043637 60788.19398  4825.0  52.8307  41.1294  44.8094   0.1120   0.1185   2.8977   2.9059   0.0318   0.0323
       1633+382 044009 60788.19649  4825.0  57.5458  31.5363  34.3140   0.0974   0.1036   2.2215   2.2253   0.0246   0.0249
          3C345 044340 60788.19892  4825.0  58.7581 100.9670 110.0398   0.1816   0.2045   7.1140   7.1371   0.0768   0.0782
         Mrk501 044710 60788.20136  4825.0  60.1290  20.4536  22.1977   0.1453   0.1234   1.4419   1.4421   0.0186   0.0178
       1807+698 045149 60788.20473  4825.0  57.5813  27.1981  29.6355   0.1286   0.1388   1.9167   1.9218   0.0227   0.0228
          BLLAC 045712 60788.20830  4825.0  63.0934  63.7464  68.9509   0.1276   0.1520   4.4907   4.4714   0.0486   0.0493
    1ES1959+650 050157 60788.22086  4825.0  64.2780   3.7972   4.1313   0.0534   0.0574   0.2673   0.2674   0.0047   0.0048
       1730-130 031831 60788.13951 24600.0  36.9800  10.3060  10.9069   0.0910   0.0539   3.0732   3.1033   0.0433   0.0376
       1741-038 032330 60788.14297 24600.0  46.3353  13.5833  14.3129   0.0881   0.0531   4.0426   4.0718   0.0520   0.0471
       1830-211 032846 60788.14662 24600.0  29.2557  19.7195  20.9212   0.1192   0.0837   5.8943   5.9721   0.0755   0.0713
       1633+382 033524 60788.15123 24600.0  69.7450   5.7578   6.1890   0.0730   0.0486   1.7156   1.7609   0.0290   0.0237
          3C345 034011 60788.15456 24600.0  70.5855  25.7923  28.0580   0.1511   0.1080   7.6946   7.9969   0.0974   0.0988
         Mrk501 034314 60788.15668 24600.0  72.0722   3.1588   3.4073   0.0733   0.0575   0.9419   0.9701   0.0242   0.0196
       1807+698 034927 60788.16105 24600.0  59.4573   5.2450   5.5712   0.0759   0.0416   1.5625   1.5846   0.0288   0.0210
       1830-211 023842 60811.11211  4825.0  29.3201 100.0508 107.8132   0.1748   0.1868   7.2244   7.2015   0.0638   0.0642
       1730-130 025020 60811.12019  4825.0  33.3480  59.0072  63.6353   0.1345   0.1321   4.2606   4.2504   0.0381   0.0382
       1741-038 025401 60811.12272  4825.0  42.6111  34.5597  37.3747   0.1231   0.1349   2.4967   2.4957   0.0237   0.0238
       1611+343 025837 60811.12593  4825.0  54.2845  40.2158  43.5554   0.1043   0.1106   2.9040   2.9094   0.0263   0.0265
       1633+382 030210 60811.12845  4825.0  58.9808  30.7137  33.1898   0.1099   0.1010   2.2174   2.2169   0.0208   0.0205
          3C345 030541 60811.13088  4825.0  60.1776 100.6109 109.1304   0.1709   0.1775   7.2645   7.2892   0.0641   0.0649
         Mrk501 030912 60811.13332  4825.0  61.5526  20.0496  21.6601   0.0912   0.1026   1.4475   1.4463   0.0142   0.0145
       1807+698 031353 60811.13672  4825.0  57.9135  26.8209  28.8991   0.0893   0.0949   1.9366   1.9302   0.0180   0.0180
          BLLAC 031914 60811.14027  4825.0  61.7050  55.4229  59.6572   0.1276   0.1305   4.0019   3.9853   0.0359   0.0359
    1ES1959+650 032356 60811.15280  4825.0  64.2373   3.5126   3.7097   0.0430   0.0539   0.2534   0.2478   0.0038   0.0042
    PKS1222+216 203541 60811.86004  4825.0  70.8562  21.6454  23.3962   0.1098   0.1222   1.5632   1.5628   0.0157   0.0159
          3C273 203944 60811.86281  4825.0  51.9235 357.7657 387.8180   0.5219   0.5542  25.8328  25.9042   0.2269   0.2296
          3C279 204321 60811.86533  4825.0  44.5715 140.5298 152.3819   0.2380   0.2358  10.1484  10.1772   0.0895   0.0904
       1334-127 204700 60811.86787  4825.0  36.8084  25.8718  28.1158   0.0976   0.1057   1.8684   1.8776   0.0177   0.0179
       1354+195 205121 60811.87089  4825.0  67.0748  25.2010  27.1883   0.1077   0.1196   1.8196   1.8156   0.0176   0.0178
     PKS1441+25 205519 60811.88123  4825.0  67.5468   4.1271   4.5448   0.0527   0.0605   0.2982   0.3044   0.0046   0.0049
       1510-089 211044 60811.88435  4825.0  35.4721  24.5301  26.6318   0.1645   0.1565   1.7734   1.7792   0.0220   0.0214
     PG1553+113 212156 60811.89537  4825.0  49.1529 -99.0000 -99.0000 -99.0000 -99.0000 -99.0000 -99.0000 -99.0000 -99.0000
       1606+105 213005 60811.89779  4825.0  47.0929  21.3043  23.0831   0.1014   0.1009   1.5381   1.5412   0.0152   0.0151
       1730-130 014336 60811.07362 24600.0  37.1016   9.8625  10.6369   0.0781   0.0581   3.0951   3.0726   0.0351   0.0296
       1741-038 014839 60811.07713 24600.0  46.4478  13.2898  14.3702   0.0696   0.0628   4.1704   4.1522   0.0403   0.0376
       1830-211 015359 60811.08082 24600.0  29.1622  20.8627  22.4566   0.1208   0.0923   6.5379   6.4826   0.0670   0.0599
       1633+382 020040 60811.08547 24600.0  70.5689   5.3261   5.8128   0.0826   0.0610   1.6716   1.6800   0.0296   0.0221
          3C345 020531 60811.08884 24600.0  71.3910  24.9376  27.5408   0.1028   0.1013   7.8253   7.9665   0.0717   0.0698
         Mrk501 020836 60811.09098 24600.0  72.8735   3.0681   3.3508   0.0729   0.0583   0.9632   0.9683   0.0242   0.0185
       1807+698 021453 60811.09539 24600.0  59.5149   4.9226   5.4804   0.0609   0.0416   1.5456   1.5834   0.0230   0.0175
    PKS1222+216 192943 60811.81397 24600.0  69.9924   2.5985   2.8762   0.0536   0.0443   0.8156   0.8312   0.0181   0.0144
          3C273 193503 60811.81766 24600.0  51.4740  44.9738  48.2880   0.1039   0.0915  14.1150  13.9581   0.1191   0.1139
          3C279 194003 60811.82113 24600.0  42.5586  43.2284  47.8884   0.1183   0.1140  13.5714  13.8567   0.1167   0.1151
       1354+195 194531 60811.82493 24600.0  58.0696   4.9940   5.4491   0.0599   0.0454   1.5673   1.5751   0.0227   0.0181
     PKS1441+25 194853 60811.83947 24600.0  57.1989   0.8305   0.9357   0.0265   0.0168   0.2606   0.2703   0.0086   0.0053
       1334-127 201210 60811.84344 24600.0  35.0446  12.3814  13.7413   0.0865   0.0720   3.8860   3.9782   0.0416   0.0389
       1611+343 201827 60811.84780 24600.0  46.7133   3.9624   4.3838   0.0685   0.0495   1.2435   1.2679   0.0238   0.0176
     PG1553+113 220932 60811.93057 24600.0  56.4469   0.9113   0.9783   0.0390   0.0215   0.2860   0.2827   0.0125   0.0066
       1510-089 222252 60811.93420 24600.0  40.7200   5.3687   5.9614   0.0800   0.0552   1.6840   1.7226   0.0286   0.0211
       1606+105 222808 60811.93785 24600.0  55.5350   3.6896   4.1512   0.0799   0.0442   1.1586   1.1997   0.0268   0.0160
       2223-052 061203 60815.26135  4825.0  45.5025  52.1319  55.7325   0.3933   0.1926   3.9494   3.9343   0.0695   0.0647
       2230+114 061731 60815.26404  4825.0  62.1787  54.1532  58.2299   0.1552   0.1547   4.0996   4.1052   0.0662   0.0668
        3C454.3 062106 60815.26652  4825.0  66.7780 172.1287 185.4703   0.5077   0.5406  13.0678  13.1185   0.2115   0.2144
          3C380 062651 60815.27060  4825.0  42.7661  58.2227  62.7570   0.1576   0.1597   4.4077   4.4238   0.0710   0.0719
          3C66A 063245 60815.27465  4825.0  52.6620 -99.0000 -99.0000 -99.0000 -99.0000 -99.0000 -99.0000 -99.0000 -99.0000
           3C84 063631 60815.27728  4825.0  42.7668 585.3862 629.4753   0.8040   0.8665  44.3207  44.3842   0.7064   0.7149
       2344+092 064504 60815.28428  4825.0  59.4075  17.1985  18.5376   0.1338   0.1331   1.3025   1.3073   0.0230   0.0230
       0235+164 065114 60815.29181  4825.0  42.7398  25.7593  27.7123   0.0932   0.0973   1.9569   1.9598   0.0324   0.0326
        NRAO150 070152 60815.29489  4825.0  42.9893 108.2654 116.5628   0.1717   0.1818   8.1954   8.2177   0.1308   0.1325
       0336-019 070627 60815.29912  4825.0  21.2258  16.3930  17.6851   0.1075   0.1038   1.2391   1.2443   0.0213   0.0215
       0420-014 071139 60815.30166  4825.0  14.1297  73.7900  79.5056   0.2426   0.2409   5.6078   5.6296   0.0913   0.0924
       0440-003 071509 60815.30516  4825.0  12.1076  23.7923  25.8613   0.1672   0.1647   1.7992   1.8155   0.0313   0.0319
    TXS0506+056 072015 60815.30979  4825.0  12.0741  15.1705  16.3380   0.1391   0.1422   1.1488   1.1521   0.0211   0.0210
    1ES1959+650 044838 60815.21439 24600.0  60.7096   0.4776   0.5327   0.0670   0.0343   0.1830   0.1863   0.0257   0.0121
          3C380 052445 60815.22717 24600.0  52.6382 -99.0000 -99.0000 -99.0000 -99.0000 -99.0000 -99.0000 -99.0000 -99.0000
       2223-052 053355 60815.23354 24600.0  45.4044  11.0943  12.0279   0.0987   0.1011   4.2616   4.2133   0.0557   0.0531
       2230+114 053908 60815.23716 24600.0  61.8943  22.9397  25.1227   0.2420   0.2428   8.8150   8.8125   0.1307   0.1244
        3C454.3 054405 60815.24059 24600.0  65.2408  33.5594  37.0065   0.2881   0.3060  12.8772  12.9678   0.1631   0.1607
          BLLAC 055152 60815.24694 24600.0  85.0729   8.6069   9.7353   0.1035   0.0801   3.2985   3.4022   0.0508   0.0418
        NRAO150 080554 60815.33908 24600.0  53.1917  28.2848  30.6233   0.0978   0.0849  10.8435  10.7243   0.1078   0.1017
       0235+164 081154 60815.34326 24600.0  56.0274   5.1700   5.6062   0.0939   0.0652   1.9789   1.9621   0.0406   0.0289
       0336-019 081723 60815.34705 24600.0  33.1544   3.8223   4.1570   0.0992   0.0684   1.4637   1.4537   0.0406   0.0273
       2344+092 082342 60815.35145 24600.0  56.5352   2.5564   2.7907   0.0778   0.0597   0.9788   0.9752   0.0313   0.0227
       0420-014 084413 60815.36569 24600.0  30.7665  17.6708  19.0312   0.1059   0.0929   6.7609   6.6411   0.0747   0.0686
       0440-003 084901 60815.36902 24600.0  29.0904   3.5833   3.8825   0.1272   0.0767   1.3736   1.3576   0.0505   0.0295
    TXS0506+056 085211 60815.37216 24600.0  29.3337   3.2590   3.5468   0.0847   0.0611   1.2478   1.2422   0.0345   0.0242
       0528+134 085826 60815.37743 24600.0  31.7960   5.2828   5.7464   0.0698   0.0525   2.0178   2.0011   0.0328   0.0261
    1ES2344+514 090844 60815.39495 24600.0  64.4207   0.4296   0.4462   0.0694   0.0499   0.1646   0.1560   0.0266   0.0175
    1ES2344+514 092924 60815.39896 24600.0  63.5584   0.4742   0.4873   0.0916   0.0530   0.1817   0.1704   0.0352   0.0186
    1ES2344+514 122739 60816.52994  4825.0  34.6194   3.0324   3.2464   0.0366   0.0427   0.2371   0.2363   0.0046   0.0047
       0528+134 124629 60816.53522  4825.0  63.9893  14.6314  15.8586   0.0692   0.0703   1.1442   1.1529   0.0185   0.0176
       0716+714 125430 60816.53994  4825.0  54.9243  17.6894  19.0387   0.0825   0.0792   1.3834   1.3840   0.0222   0.0210
       0736+017 130034 60816.54504  4825.0  42.9368  12.8942  13.7022   0.0805   0.0814   1.0068   0.9938   0.0168   0.0157
       0735+178 130554 60816.54983  4825.0  56.9494  18.4430  19.8376   0.0653   0.0697   1.4415   1.4419   0.0228   0.0217
       0827+243 131250 60816.55248  4825.0  52.3829  11.5132  12.4216   0.0904   0.0837   0.9003   0.9030   0.0155   0.0145
       0829+046 132616 60816.56180  4825.0  41.1228   9.2348   9.8711   0.0845   0.0826   0.7221   0.7179   0.0129   0.0121
          3c207 132950 60816.56428  4825.0  46.7025  26.5357  28.5061   0.1033   0.1096   2.0789   2.0762   0.0332   0.0317
       0836+710 133506 60816.56813  4825.0  52.9687  37.5083  40.3995   0.0971   0.0955   2.9332   2.9370   0.0457   0.0434
          OJ287 134033 60816.57172  4825.0  50.6939  41.8838  45.0359   0.1023   0.1131   3.2752   3.2730   0.0510   0.0485
       0954+658 134525 60816.57751  4825.0  49.9161  15.8669  17.1076   0.0593   0.0638   1.2414   1.2445   0.0196   0.0188
         MRK421 135301 60816.58149  4825.0  37.6766   6.6778   7.1902   0.0736   0.0773   0.5222   0.5227   0.0099   0.0095
       1156+295 135829 60816.58419  4825.0  24.0770  55.0897  58.9206   0.1352   0.1499   4.3068   4.2799   0.0671   0.0635
       1219+285 140204 60816.59427  4825.0  22.1615   6.6479   7.1340   0.0573   0.0542   0.5206   0.5196   0.0092   0.0086
       MRK421 144559 60816.61879 24600.0  47.7617   1.0911   1.1543   0.0654   0.0597   0.3946   0.3918   0.0241   0.0207
           3C84 145607 60816.62396 24600.0  43.2245 127.0273 137.8632   0.2880   0.2959  46.1883  47.0824   0.5291   0.5285
       0716+714 150204 60816.62815 24600.0  58.1436   4.5506   5.0129   0.1046   0.0964   1.6344   1.6882   0.0426   0.0381
       0736+017 151018 60816.63381 24600.0  52.0319   8.5420   9.4304   0.0829   0.0782   3.0843   3.1956   0.0459   0.0444
       0735+178 151532 60816.63837 24600.0  67.9280   3.4158   3.6932   0.0550   0.0641   1.2343   1.2521   0.0262   0.0269
       0827+243 152224 60816.64221 24600.0  73.1207   1.9186   2.1541   0.1252   0.1186   0.6939   0.7311   0.0459   0.0411
       0829+046 152601 60816.64566 24600.0  54.3227   2.8762   3.0759   0.0651   0.0613   1.0402   1.0449   0.0263   0.0238
          3c207 153036 60816.64790 24600.0  62.5543   5.1407   5.6869   0.0676   0.0460   1.8612   1.9300   0.0323   0.0264
       0836+710 153822 60816.65335 24600.0  58.4651   4.1101   4.4160   0.0782   0.0539   1.4832   1.5051   0.0331   0.0251
          OJ287 154606 60816.65866 24600.0  69.2734  13.1845  14.2431   0.0846   0.0804   4.7567   4.8299   0.0623   0.0598
       0954+658 160750 60816.67376 24600.0  61.8488   4.5136   4.8956   0.0635   0.0546   1.6330   1.6641   0.0294   0.0266
       1156+295 161358 60816.68286 24600.0  51.3262  14.8529  15.8446   0.0876   0.0886   5.3649   5.3762   0.0680   0.0664
       1219+285 162405 60816.68692 24600.0  47.7369   1.0836   1.1629   0.0745   0.0645   0.3919   0.3946   0.0273   0.0224
    1ES2344+514 110430 60835.47220  4825.0  35.8369   2.8901   3.0050   0.0334   0.0393   0.2271   0.2212   0.0030   0.0032
       0528+134 112325 60835.47753  4825.0  63.7940  14.6323  15.5538   0.0754   0.0707   1.1499   1.1448   0.0091   0.0087
       0716+714 113119 60835.48218  4825.0  54.4689  16.6253  17.4888   0.0691   0.0792   1.3066   1.2874   0.0096   0.0098
       0736+017 113720 60835.48723  4825.0  41.7669  14.3556  15.1757   0.0774   0.0908   1.1285   1.1174   0.0092   0.0097
       0735+178 114239 60835.49202  4825.0  55.5467  16.8912  18.0226   0.1156   0.0788   1.3276   1.3259   0.0122   0.0100
       0827+243 114933 60835.49465  4825.0  50.7619  10.3266  10.8609   0.0752   0.0799   0.8112   0.7992   0.0077   0.0077
       0829+046 120255 60835.50393  4825.0  39.7550   8.4733   8.9346   0.0805   0.0848   0.6659   0.6577   0.0075   0.0074
          3c207 120630 60835.50641  4825.0  45.1982  25.2189  26.5764   0.0847   0.0897   1.9828   1.9591   0.0137   0.0137
       0836+710 121143 60835.51022  4825.0  52.3881  34.5295  36.5079   0.0953   0.1012   2.7134   2.6864   0.0180   0.0180
          OJ287 121706 60835.51377  4825.0  49.0799  37.2338  39.4097   0.1070   0.1025   2.9241   2.8991   0.0197   0.0193
       0954+658 122155 60835.51953  4825.0  49.0245  12.9353  13.6076   0.0548   0.0590   1.0150   1.0016   0.0075   0.0075
         MRK421 122930 60835.52349  4825.0  36.1073   6.1186   6.4008   0.0735   0.0729   0.4808   0.4713   0.0065   0.0061
       1156+295 123459 60835.52620  4825.0  22.4733  58.8218  62.0322   0.1343   0.1408   4.6260   4.5706   0.0299   0.0298
       1219+285 123832 60835.53626  4825.0  20.5568   6.0565   6.3915   0.0476   0.0449   0.4761   0.4705   0.0047   0.0044
    PKS1222+216 181800 60835.76442  4825.0  71.4103  18.6183  19.7712   0.1011   0.1135   1.4634   1.4555   0.0119   0.0123
          3C273 182204 60835.76722  4825.0  52.2299 316.3476 336.5601   0.4574   0.4930  24.8634  24.7771   0.1545   0.1558
          3C279 182545 60835.76978  4825.0  43.6509 123.7972 131.6817   0.2070   0.2201   9.7284   9.6930   0.0610   0.0614
       1334-127 182928 60835.77236  4825.0  34.3865  23.3372  24.6297   0.1208   0.1202   1.8365   1.8149   0.0153   0.0148
       1354+195 183342 60835.77530  4825.0  61.5141  22.4989  23.9120   0.1048   0.0958   1.7669   1.7604   0.0135   0.0129
     PKS1441+25 183731 60835.78554  4825.0  60.0475   4.2405   4.5103   0.0435   0.0438   0.3332   0.3320   0.0040   0.0038
       1510-089 185252 60835.78861  4825.0  30.2495  22.1131  23.5014   0.0909   0.1022   1.7364   1.7295   0.0128   0.0130
     PG1553+113 190357 60835.79955  4825.0  41.7873   3.5115   3.7447   0.0781   0.0832   0.2756   0.2752   0.0065   0.0065
       1606+105 191206 60835.80197  4825.0  39.6084  18.8574  20.0535   0.0762   0.0832   1.4820   1.4758   0.0108   0.0109
       1830-211 010402 60836.04637  4825.0  29.2551  94.8971 101.4120   0.1594   0.1679   7.4581   7.4650   0.0468   0.0473
       1730-130 011543 60836.05448  4825.0  33.0244  54.4889  58.0345   0.1225   0.1187   4.2823   4.2719   0.0276   0.0275
       1741-038 011924 60836.05701  4825.0  42.2632  29.9091  31.9151   0.1149   0.1069   2.3463   2.3453   0.0171   0.0171
       1611+343 012359 60836.06021  4825.0  53.5818  37.1171  39.8077   0.0972   0.1074   2.9170   2.9303   0.0192   0.0196
       1633+382 012732 60836.06273  4825.0  58.2848  27.8647  29.7757   0.0935   0.0978   2.1897   2.1917   0.0151   0.0152
          3C345 013103 60836.06516  4825.0  59.4896  91.6448  98.6369   0.1607   0.1621   7.2037   7.2611   0.0454   0.0460
         Mrk501 013434 60836.06760  4825.0  60.8647  18.6379  19.8112   0.0947   0.1005   1.4613   1.4565   0.0119   0.0120
       1807+698 013913 60836.07099  4825.0  57.7536  24.1985  25.8335   0.0861   0.0849   1.9016   1.9015   0.0133   0.0132
          BLLAC 014436 60836.07455  4825.0  62.3750  45.1573  48.1447   0.1444   0.1317   3.5487   3.5440   0.0243   0.0238
    1ES1959+650 014919 60836.08709  4825.0  64.2607   3.2522   3.3163   0.0481   0.0624   0.2555   0.2441   0.0041   0.0048
       2223-052 040423 60836.17268  4825.0  45.2255  61.2178  65.6915   0.1475   0.1503   4.8085   4.8274   0.0325   0.0336
       2230+114 040949 60836.17538  4825.0  61.5450  59.9721  64.1267   0.1233   0.1318   4.7126   4.7198   0.0301   0.0305
        3C454.3 041328 60836.17791  4825.0  64.5035 184.3816 197.8905   0.2954   0.3223  14.4910  14.5658   0.0906   0.0923
          3C380 041944 60836.18231  4825.0  49.9816  63.0306  67.3907   0.1405   0.1425   4.9557   4.9609   0.0320   0.0321
          3C66A 042536 60836.18636  4825.0  44.7718 -99.0000 -99.0000 -99.0000 -99.0000 -99.0000 -99.0000 -99.0000 -99.0000
           3C84 042922 60836.18898  4825.0  35.0213 624.5564 668.7683   0.8641   0.9257  49.0867  49.2316   0.3045   0.3087
       2344+092 043813 60836.19618  4825.0  55.8335  17.4965  18.6256   0.1527   0.1533   1.3755   1.3737   0.0153   0.0149
       0235+164 044409 60836.20355  4825.0  34.2732  25.1538  26.9719   0.0689   0.0696   1.9768   1.9854   0.0131   0.0132
        NRAO150 045440 60836.20656  4825.0  36.2528 106.8519 114.6947   0.1703   0.1774   8.3975   8.4422   0.0525   0.0532
       0336-019 045908 60836.21071  4825.0  12.9584  16.3041  17.5030   0.1034   0.1110   1.2814   1.2883   0.0112   0.0114
         MRK421 131935 60835.55880 24600.0  45.5925   1.1722   1.1959   0.0465   0.0388   0.2983   0.2868   0.0119   0.0094
           3C84 132944 60835.56396 24600.0  45.2941 146.5204 160.5267   0.3620   0.3875  37.4325  38.6423   0.1941   0.1970
       0716+714 133544 60835.56819 24600.0  58.1910   4.6460   5.2001   0.0652   0.0441   1.1822   1.2471   0.0174   0.0120
       0736+017 134406 60835.57395 24600.0  52.0469   8.9345   9.9471   0.0830   0.0587   2.2730   2.3839   0.0235   0.0177
       0735+178 134920 60835.57851 24600.0  68.1407   3.9937   4.3666   0.0485   0.0395   1.0162   1.0466   0.0132   0.0106
       0827+243 135608 60835.58230 24600.0  71.9782   2.2477   2.5653   0.0688   0.0539   0.5720   0.6151   0.0177   0.0132
       0829+046 135944 60835.58574 24600.0  53.7521   2.9759   3.3547   0.0443   0.0546   0.7572   0.8043   0.0118   0.0136
          3c207 140419 60835.58798 24600.0  61.7372   6.2079   6.8036   0.0538   0.0441   1.5799   1.6318   0.0155   0.0129
       0836+710 141156 60835.59333 24600.0  58.2486   4.1053   4.6211   0.0588   0.0436   1.0446   1.1072   0.0157   0.0117
          OJ287 141930 60835.59852 24600.0  68.2651  14.7703  16.2032   0.0692   0.0619   3.7573   3.8769   0.0245   0.0230
       0954+658 144120 60835.61370 24600.0  61.1530   5.4085   6.0266   0.0543   0.0474   1.3764   1.4453   0.0152   0.0131
       1156+295 144723 60835.61790 24600.0  47.6817  20.1802  21.5975   0.0851   0.0616   5.1333   5.1806   0.0317   0.0274
       1219+285 145031 60835.62195 24600.0  44.0924   1.2368   1.3265   0.0476   0.0392   0.3148   0.3181   0.0122   0.0095
       1219+285 145644 60835.62626 24600.0  45.2899   1.1385   1.2829   0.0515   0.0319   0.2897   0.3077   0.0132   0.0078
    PKS1222+216 171413 60835.71986 24600.0  65.0617   3.4623   3.6990   0.0765   0.0567   0.8810   0.8871   0.0199   0.0142
          3C273 171929 60835.72351 24600.0  48.3907  61.2190  65.1035   0.1285   0.1312  15.5784  15.6111   0.0777   0.0763
          3C279 172430 60835.72700 24600.0  38.9897  65.5734  71.6275   0.1847   0.1843  16.6979  17.1963   0.0892   0.0888
       1354+195 172957 60835.73078 24600.0  50.8688   6.4690   7.0663   0.0685   0.0534   1.6463   1.6942   0.0191   0.0149
     PKS1441+25 173315 60835.74528 24600.0  49.3763   1.0679   1.1470   0.0271   0.0240   0.2717   0.2750   0.0070   0.0059
       1334-127 175629 60835.74922 24600.0  31.5141  19.8971  22.2502   0.1130   0.0916   5.0563   5.3228   0.0373   0.0335
       1611+343 180239 60835.75349 24600.0  38.9155   5.1990   5.7606   0.0857   0.0567   1.3229   1.3815   0.0226   0.0149
     PG1553+113 194627 60835.83121 24600.0  49.6482   1.1690   1.2968   0.0387   0.0265   0.2974   0.3110   0.0100   0.0065
       1510-089 195947 60835.83483 24600.0  37.7614   7.9723   8.7960   0.0908   0.0651   2.0286   2.1102   0.0249   0.0183
       1606+105 200503 60835.83849 24600.0  48.7136   5.1477   5.8068   0.0691   0.0558   1.3097   1.3927   0.0186   0.0148
       1730-130 000932 60836.00827 24600.0  36.9887  11.6828  12.9987   0.0722   0.0574   2.9728   3.1204   0.0228   0.0199
       1741-038 001432 60836.01174 24600.0  46.3439  15.3771  16.9952   0.0686   0.0619   3.9159   4.0779   0.0249   0.0235
       1830-211 001947 60836.01539 24600.0  29.2505  26.5532  29.2553   0.1141   0.0986   6.7616   7.0277   0.0441   0.0416
       1633+382 002626 60836.02000 24600.0  69.7944   6.0464   6.7788   0.0823   0.0555   1.5385   1.6256   0.0221   0.0151
          3C345 003114 60836.02333 24600.0  70.6328  29.7140  34.0989   0.0998   0.1067   7.5584   8.1754   0.0427   0.0445
         Mrk501 003416 60836.02545 24600.0  72.1198   3.4951   3.9952   0.0682   0.0488   0.8895   0.9582   0.0178   0.0125
       1807+698 004030 60836.02983 24600.0  59.4572   5.7465   6.4418   0.0639   0.0462   1.4630   1.5455   0.0177   0.0132
    1ES1959+650 024025 60836.12537 24600.0  63.2212   0.6999   0.7930   0.0209   0.0396   0.1781   0.1902   0.0054   0.0095
          3C380 031731 60836.13882 24600.0  60.0118   6.8886   7.7173   0.0552   0.0440   1.7523   1.8505   0.0164   0.0134
       2223-052 032504 60836.14406 24600.0  42.9957  15.2068  17.0231   0.0782   0.0654   3.8723   4.0814   0.0266   0.0240
       2230+114 033015 60836.14766 24600.0  58.3703  30.0160  33.8558   0.0864   0.0762   7.6373   8.1186   0.0412   0.0405
        3C454.3 033512 60836.15110 24600.0  60.1842  44.3421  50.1113   0.0974   0.0936  11.2832  12.0162   0.0567   0.0580
          BLLAC 034122 60836.15636 24600.0  84.1466  11.6157  12.8683   0.0670   0.0623   2.9545   3.0831   0.0217   0.0205
        NRAO150 053614 60836.23514 23700.0  42.7341  42.3744  42.3110   0.1103   0.0998  10.7830  10.1496   0.0563   0.0511
       0235+164 054157 60836.23911 23700.0  44.2076   6.7260   6.7136   0.0571   0.0549   1.7129   1.6094   0.0166   0.0151
       0336-019 054725 60836.24291 23700.0  21.7217   6.2044   6.2471   0.1333   0.0810   1.5787   1.4983   0.0347   0.0206
       2344+092 055324 60836.24707 23700.0  60.1585   4.3621   4.3494   0.0573   0.0451   1.1100   1.0430   0.0154   0.0118
       0420-014 061350 60836.26126 23700.0  18.8750  30.7443  30.1651   0.1605   0.1456   7.8258   7.2406   0.0542   0.0478
       0440-003 061838 60836.26459 23700.0  16.8743   6.1461   6.0853   0.1831   0.1036   1.5639   1.4597   0.0471   0.0258
    TXS0506+056 062147 60836.26772 23700.0  16.5302   5.0534   5.0199   0.1190   0.0784   1.2859   1.2039   0.0308   0.0196
       0528+134 062800 60836.27298 23700.0  18.7112   9.0918   9.0810   0.1239   0.0762   2.3134   2.1778   0.0332   0.0208
    1ES2344+514 063738 60836.29004 23700.0  73.7004   0.6274   0.6386   0.0211   0.0165   0.1597   0.1531   0.0054   0.0040
        NRAO150 071546 60836.30427 23700.0  58.3029  42.9803  42.2798   0.1149   0.0970  10.9366  10.1399   0.0575   0.0510
       0235+164 072201 60836.30860 23700.0  60.9018   6.8452   6.7347   0.0730   0.0474   1.7416   1.6151   0.0202   0.0135
       0336-019 072729 60836.31240 23700.0  38.0137   5.8664   5.8259   0.0895   0.0586   1.4934   1.3972   0.0239   0.0154
       2344+092 073355 60836.31686 23700.0  52.6581   3.9567   3.9745   0.0630   0.0481   1.0066   0.9531   0.0167   0.0123
       0420-014 075425 60836.33111 23700.0  35.9322  29.0672  28.1408   0.1266   0.1295   7.3968   6.7488   0.0473   0.0433
       0440-003 075914 60836.33445 23700.0  34.5071   5.9304   5.8401   0.0866   0.0634   1.5095   1.4006   0.0232   0.0164
    TXS0506+056 080225 60836.33760 23700.0  35.2296   4.8255   4.7833   0.0934   0.0549   1.2279   1.1473   0.0244   0.0142
       0528+134 080841 60836.34290 23700.0  38.0094   9.2089   8.9997   0.0628   0.0547   2.3439   2.1582   0.0192   0.0163
    PKS1222+216 180713 60857.75694  4825.0  67.7611  18.7990  20.3844   0.1287   0.1504   1.4606   1.4650   0.0151   0.0154
          3C273 181114 60857.75967  4825.0  50.0706 324.4239 349.2616   0.4516   0.4859  25.1454  25.1038   0.1895   0.1914
          3C279 181449 60857.76219  4825.0  43.8329 -99.0000 -99.0000 -99.0000 -99.0000 -99.0000 -99.0000 -99.0000 -99.0000
       1334-127 181829 60857.76473  4825.0  37.4190  24.7693  26.4088   0.1089   0.1348   1.9197   1.8991   0.0165   0.0173
       1354+195 182254 60857.76778  4825.0  69.3782  23.1151  24.5204   0.0948   0.1259   1.7931   1.7615   0.0152   0.0161
     PKS1441+25 182656 60857.77819  4825.0  72.1859   4.2033   4.3180   0.0759   0.0800   0.3258   0.3105   0.0064   0.0063
       1510-089 184224 60857.78135  4825.0  38.4336  23.4051  25.1656   0.1219   0.1296   1.8160   1.8073   0.0168   0.0166
     PG1553+113 185357 60857.79260  4825.0  54.0294   3.5897   3.8911   0.0725   0.0940   0.2767   0.2792   0.0061   0.0073
       1606+105 190206 60857.79502  4825.0  52.1257  19.8754  21.4513   0.1054   0.1096   1.5407   1.5385   0.0140   0.0142
       1830-211 232502 60857.97762  4825.0  29.4297  97.2348 104.7841   0.1742   0.1831   7.5389   7.5306   0.0575   0.0579
       1730-130 233641 60857.98571  4825.0  34.0848  53.9312  57.9988   0.1195   0.1284   4.1804   4.1682   0.0324   0.0326
       1741-038 234022 60857.98824  4825.0  43.4011  30.7866  33.0039   0.1162   0.1146   2.3862   2.3719   0.0200   0.0196
       1611+343 234500 60857.99153  4825.0  55.9697  36.7873  39.7369   0.1005   0.1184   2.8516   2.8561   0.0225   0.0230
       1633+382 234837 60857.99403  4825.0  60.6500  27.7617  29.9225   0.0935   0.0985   2.1517   2.1506   0.0175   0.0176
          3C345 235207 60857.99647  4825.0  61.8297  93.0233 100.6471   0.1747   0.1615   7.2101   7.2395   0.0551   0.0556
         Mrk501 235539 60857.99891  4825.0  63.2094  18.5958  19.9385   0.0969   0.0968   1.4420   1.4326   0.0132   0.0129
       1807+698 000022 60858.00233  4825.0  58.2642  24.1567  26.0889   0.0803   0.0918   1.8723   1.8750   0.0152   0.0155
          BLLAC 000541 60858.00586  4825.0  60.0952  36.3134  39.0219   0.1167   0.1259   2.8111   2.7906   0.0228   0.0238
    1ES1959+650 001020 60858.01843  4825.0  64.1304   3.1193   3.2995   0.0454   0.0473   0.2417   0.2368   0.0040   0.0038
    PKS1222+216 170412 60857.71292 24600.0  71.7345   1.5819   1.8675   0.1063   0.5265   0.6199 -99.0000   0.0423 -99.0000
          3C273 170935 60857.71664 24600.0  52.4128  29.3999  31.5181   0.1274   0.1778  11.4973  11.3180   0.1418   0.1503
          3C279 171433 60857.72010 24600.0  44.2457  26.2578  28.9978   0.1121   0.1921  10.3243  10.4757   0.1258   0.1350
     PKS1441+25 172330 60857.73791 24600.0  63.4863 -99.0000 -99.0000 -99.0000 -99.0000 -99.0000 -99.0000 -99.0000 -99.0000
       1334-127 174659 60857.74261 24600.0  36.8643   9.2071  10.3544   0.1043   0.1947   3.6074   3.7279   0.0588   0.0834
       1730-130 223403 60857.94196 24600.0  37.2083   8.1816   9.0129   0.0806   0.0693   3.2006   3.2210   0.0483   0.0435
       1741-038 223903 60857.94544 24600.0  46.5427  10.4543  11.4344   0.0902   0.0573   4.0796   4.1281   0.0588   0.0501
       1830-211 224420 60857.94911 24600.0  29.0353  16.9503  19.0225   0.1233   0.1247   6.5971   6.7864   0.0922   0.0902
       1633+382 225059 60857.95373 24600.0  71.5229   4.3748   4.8589   0.1108   0.0947   1.7181   1.7475   0.0482   0.0408
          3C345 225547 60857.95706 24600.0  72.3403  20.4031  23.3976   0.0812   0.0839   7.9958   8.4148   0.0965   0.0977
         Mrk501 225850 60857.95918 24600.0  73.8318   2.4330   2.9435   0.0696   0.0566   0.9512   1.0592   0.0296   0.0235
       1807+698 230506 60857.96358 24600.0  59.5703   4.1224   4.5361   0.0678   0.0487   1.6172   1.6319   0.0326   0.0251
        NRAO150 035835 60858.16761  4825.0  40.8115 104.4853 112.6509   0.1641   0.1739   7.9620   7.9542   0.1189   0.1201
       0336-019 040307 60858.17181  4825.0  18.6293  14.4534  15.5312   0.0990   0.1000   1.1013   1.0966   0.0180   0.0179
       0420-014 040820 60858.17435  4825.0  11.4356  72.3766  78.1496   0.1721   0.1821   5.5247   5.5208   0.0831   0.0839
       0440-003 041150 60858.17786  4825.0   9.3865  23.6831  25.5457   0.1191   0.1153   1.8050   1.8041   0.0283   0.0283
    TXS0506+056 041656 60858.18248  4825.0   9.3158  15.0359  16.1988   0.0915   0.0978   1.1460   1.1437   0.0185   0.0185
    1ES1959+650 014910 60858.08979 24600.0  61.3884   0.4964   0.5414   0.0278   0.0176   0.2022   0.1928   0.0115   0.0065
          3C380 022527 60858.10266 24600.0  54.3232   4.7945   5.4341   0.0614   0.0469   1.9528   1.9353   0.0307   0.0240
       2223-052 023248 60858.10777 24600.0  45.0114  10.9336  12.3508   0.0657   0.0586   4.4526   4.3996   0.0487   0.0444
       2230+114 023802 60858.11140 24600.0  61.2899  19.8561  22.8656   0.0660   0.0700   8.0861   8.1506   0.0786   0.0769
        3C454.3 024259 60858.11484 24600.0  64.2102  29.2630  33.7814   0.0682   0.0652  11.9260  12.0373   0.1125   0.1098
        NRAO150 050155 60858.21132 24600.0  50.8435  24.1166  26.9625   0.1070   0.0759   9.7804   9.6229   0.1005   0.0901
       0235+164 051224 60858.21859 24600.0  54.3154   3.6887   4.1639   0.0757   0.0527   1.5021   1.4832   0.0338   0.0230
       0336-019 051752 60858.22240 24600.0  31.4908   3.1623   3.6891   0.0795   0.0677   1.2901   1.3125   0.0348   0.0269
       2344+092 052410 60858.22677 24600.0  57.5290   2.3656   2.6954   0.0470   0.0467   0.9634   0.9597   0.0211   0.0188
       0420-014 054442 60858.24103 24600.0  29.0209  14.7638  16.5713   0.1051   0.0935   6.0362   5.9131   0.0708   0.0629
       0440-003 054929 60858.24435 24600.0  27.2790   3.0645   3.5178   0.1322   0.0833   1.2481   1.2547   0.0551   0.0320
    TXS0506+056 055239 60858.24748 24600.0  27.3997   2.8075   3.0107   0.1031   0.0667   1.1435   1.0721   0.0433   0.0258
       0528+134 055854 60858.25277 24600.0  29.7910   4.8627   5.3830   0.0536   0.0530   1.9780   1.9121   0.0284   0.0255
    1ES2344+514 060910 60858.26437 24600.0  67.3944   0.3939   0.4726   0.0358   0.0287   0.1604   0.1683   0.0146   0.0104
    1ES2344+514 093617 60860.41094  4825.0  34.3867   2.8747   3.1111   0.0403   0.0433   0.2297   0.2299   0.0047   0.0048
       0528+134 095507 60860.41621  4825.0  64.0138  16.5960  17.9635   0.0759   0.0940   1.3256   1.3269   0.0209   0.0215
       0716+714 100309 60860.42095  4825.0  55.0136  16.4085  17.7102   0.0890   0.0864   1.3110   1.3083   0.0210   0.0211
       0736+017 100914 60860.42606  4825.0  43.1622  17.6526  19.2567   0.1163   0.1346   1.4156   1.4136   0.0233   0.0240
       0735+178 101434 60860.43085  4825.0  57.2206  18.0637  19.5090   0.0850   0.0832   1.4446   1.4425   0.0228   0.0229
       0827+243 102130 60860.43350  4825.0  52.7035  10.6220  11.4254   0.1061   0.1138   0.8495   0.8455   0.0154   0.0155
       0829+046 103457 60860.44284  4825.0  41.3882   9.1443   9.9491   0.1765   0.2294   0.7256   0.7307   0.0189   0.0214
          3c207 103831 60860.44530  4825.0  46.9919 -99.0000 -99.0000 -99.0000 -99.0000 -99.0000 -99.0000 -99.0000 -99.0000
          3c207 104216 60860.44792  4825.0  47.6401  25.7141  27.8322   0.1440   0.1530   2.0544   2.0565   0.0330   0.0335
       0836+710 104734 60860.45178  4825.0  53.3297  36.0312  38.9220   0.0983   0.1112   2.8757   2.8758   0.0440   0.0448
          OJ287 105302 60860.45540  4825.0  51.7050  36.8184  39.7395   0.1535   0.1316   2.9387   2.9355   0.0462   0.0460
       0954+658 105756 60860.46120  4825.0  50.4790  13.4106  14.5256   0.0628   0.0585   1.0708   1.0727   0.0169   0.0170
         MRK421 110533 60860.46519  4825.0  38.6762   6.4389   6.9601   0.0662   0.0795   0.5142   0.5154   0.0094   0.0099
         MRK421 120638 60860.50813 24600.0  50.3035   0.8859   0.8997   0.0866   0.0599   0.4028   0.3745   0.0400   0.0257
           3C84 121646 60860.51330 24600.0  40.8213 109.3442 120.7971   0.3050   0.3263  50.3052  50.8747   0.8893   0.8185
       0716+714 122239 60860.51744 24600.0  57.9955   2.8912   3.4642   0.1362   0.1181   1.3138   1.4357   0.0675   0.0562
       0736+017 123044 60860.52299 24600.0  51.7817   5.5263   6.2504   0.2297   0.1784   2.5155   2.5871   0.1136   0.0851
       0735+178 123556 60860.52755 24600.0  67.3240   3.4176   3.5838   0.1930   0.1726   1.5444   1.4964   0.0919   0.0763
       0827+243 124245 60860.53134 24600.0  74.0710 -99.0000 -99.0000 -99.0000 -99.0000 -99.0000 -99.0000 -99.0000 -99.0000
       0829+046 124622 60860.53479 24600.0  54.7486 -99.0000 -99.0000 -99.0000 -99.0000 -99.0000 -99.0000 -99.0000 -99.0000
          3c207 125058 60860.53705 24600.0  63.2220   1.5345   0.8113   2.4247   0.3948   0.6979   0.3374   1.1029   0.1643
       0836+710 125853 60860.54261 24600.0  58.6257 -99.0000 -99.0000 -99.0000 -99.0000 -99.0000 -99.0000 -99.0000 -99.0000
          OJ287 130649 60860.54805 24600.0  70.0843 -99.0000 -99.0000 -99.0000 -99.0000 -99.0000 -99.0000 -99.0000 -99.0000


